{'tree_method': 'hist',
 'eta': 0.01139196365086843,
 'reg_alpha': 6.155564318973028,
 'gamma': 0.0017707168643537846,
 'max_depth': 4,
 'min_child_weight': 15,
 'subsample': 0.8795585311974417,
 'colsample_bynode': 0.6410035105688879,
 'reg_lambda': 1.3003513681121714}
 fixed learning rate: 0.01139196365086843
 best boosting round: 9402
 rmse = 5.44